0 0 0 0 0 449 0 
0 0 3 12 19 66 88 
0 3 0 50 66 233 200 
0 12 50 0 25 150 33 
0 19 66 25 0 174 124 
449 66 233 150 174 0 0 
0 88 200 33 124 0 0 
560